1 63;49;48;1;2;3;4;5
2 71;72;73;74
3 63;62;61;51;44;45;31;29;4
5 55;56;57;69;70;71;72
12 70;69;57;56;55
14 71;72
15 72;67;66;65;64;63;62;50;45;31;29;4
18 72;73;74;75;64;63;62;50;45;31;29;4
20 74;65;61;51;44;32;28;18;6;7
22 72;67;66;65;61;51;44;32;28;18;6
26 70;69;57;56;55
28 8;9;10;11
32 7;8;9
33 23;24;25;26;27;28;18;6
37 73;74;66;60;52;43;33;27;19;17
38 74;65;61;51;44;32;28;18;6
39 71;72
41 55;54;40;36;24;25;26;27;28;32;33;34;35
46 70;69;57;56;55;38;37;23;13;10
49 72;67;68;58;54;55
52 70;69;57;56;39;40;36;24;25;26;27;28;29;31;45;50;47;48;1
72 55;54;53;52;51;50;45;31;29;4
74 37;36;35;34;33;32;31;45;50;62;63;49;48;1
109 1;48;47;50;51;52;53;54;55
202 72;71;57;56;55;38;37;23;24;22;14;11
203 54;40;46;24;22;14;;11
204 64;65;61;51;44;43;42;34;26;20;16;15;14;13;12;11
205 72;67;59;40;36;24;22;14;11
207 1;48;47;50;45;31;29;4;5;6
208 1;48;49;63;64;75;74;73;66;67;68;69
211 69;68;67;59;60;61;62;50;45;31;29;4
212 72;67;59;53;41;34;20;16;9
214 63;62;61;60;59;53;54;55
218 70;71;72
221 70;71;72
222 73;74;66;60;52;53;54;55
226 55;54;53;52;51;44;32;28;18;6
227 70;71;72;73;74;75
232 72;67;59;53;42;34;26;20;16;9
235 63;62;50;45;31;29;28;27;26;20;16;17;19
236 74;65;64;63;49;48;1
237 63;62;50;45;50;45;46;30;2
240 19;9;10
245 73;74;66;60;52;43;33;27;19;17;8;7
246 69;68;67;72
247 72;71;70
248 75;61;60;59;58;57;56;55;38;37;23;13;12
249 73;74;66;65;75
251 75;64;63;49;48;1
252 75;64;63;49;48;1
253 72;67;66;65;61;62;50;47;48;1
254 13;14;15;16;17;18;5;4;3;2;1;48;49;63;62;50;51;52;53;54;55
257 72;67;59;40;36;24;22;14;10
261 74;66;60;52;43;33;27;19;17;8;9;10
262 72;67;59;53;42;34;26;25;24;23
263 74;66;60;52;43;33;27;19;17;8;9
266 6;18;17;16;15;14;13;23;37;38;55;56;57;69;70
270 74;66;60;52;43;33;27;19;17;8
274 71;72
276 72;67;59;40;36;24;22;14;11
277 23;13;10
278 1;48;49;63;62;50;45;31;32;33;34;26;25;24;22;14;13
279 55;38;37;23;13;12
280 55;54;53;52;51;50;47;48;1
281 7;8;9
282 70;69;57;56;55;38;37;23;13;14;15;16;9;8;7;6;5;4
284 1;48;49;47;50;45;31;29;4;5;6;7
285 4;29;28;27;26;25;24;23
287 72;71;70
288 70;69;59;56;55;38;37;23;13;14;15;16;17;18;6
290 55;54;53;52;51;50;47;48;1
292 70;69;59;56;55;38;37;23;24;25;26;27;28;18;6
294 28;29;3;2
295 66;65;64;63;62;50;45;31;30;2
297 74;73;72;71;68;67;66;65;64;63
298 38;39;40;41;42;43;44;45;46;30;2
299 72;67;59;53;42;34;26;20;16;9
306 70;69;57;56;55;38;37;23;13;12
307 72;71;70;69;59;56;55;38;37;23;13;12
310 72;71;70
311 1;48;47;50;51;52;43;33;27;19;17;8
505 1;48;47;50;51;52;53;54;55
521 23;24;25;26;34;35;36
527 72;67;68;58;54;39;38
530 1;48;49;47
539 72;71;70
555 33;34;26;27;28;29;4;5;18;6
556 23;24;25;26;27;28;29;4
604 72;67;68;69;57;56;55;38;37;23;13;12
605 72;67;59;53;42;34;26;25;24;22;14;11
606 1;48;49;63;62;61;60;59;58;57
615 71;72;73;66;67
622 70;69;57;56;55;38;37;23;13;12;11
630 74;66;60;52;43;33;27;26;25;24;23
638 38;37
642 55;54;53;52;51;50;47;48;1
643 55;54;53;52;51;50;47;48;1
644 1;48;49;63;64;75
648 73;74;75;64;63;49;48;1
650 7;6;5;4;3;2;1
651 74;66;60;52;43;33;27;19;17;8
652 72;67;68;69;57;56;55;38;37;23;13
659 70;71;72
660 75;64;63;49;48;1
662 63;62;50;45;31;29;28;27;26;20;16;17;19
663 63;62;50;45;31;29;28;27;26;20;16;17;19
665 7;17;19;27;33;43;52;60;66;67;59;53;54;58;56
668 1;48;47;50;51;52;53;54;55;38;37;23;13;12
669 71;68;58;54;40;35;25;21;15;10;9;8
670 74;65;61;62;63
671 72;67;66;65;61;51;50;47;49
672 13;14;15;16;18;5;4;3;2;1;48;49;63;62;50;51;52;53;54;55;38;37;23
673 49;48;1;2
675 1;48;47;50;51;52;53;54;55;38;37;23;13;12
676 55;54;53;52;51;50;47;48;1
678 8;9;10;11
680 55;54;53;52;51;50;45;31;29;4
685 37;36;35;34;33;32;31;29;4
711 70;69;57;56;55;38;37;23;13;12
902 23;24;25;26;27;28;29;4
903 34;35;36;37;23;24;25;26
905 23;24;25;26;27;28;29;3;2;1
906 23;24;25;26;27;28;29;3;2;1
907 63;62;50;47;48;1;2
909 1;2;3;29;28;27;26;25;24;23