1 1;48
2 1;2
3 2;3
4 2;30
5 3;4
6 3;29
7 4;5
8 4;29
9 5;18
10 5;6
11 6;18
12 6;7
13 7;8
14 8;9
15 8;17
16 9;16
17 9;10
18 10;11
19 10;15
20 11;12
21 11;14
22 12;13
23 13;14
24 13;23
25 14;22
26 14;15
27 15;16
28 15;21
29 16;17
30 16;20
31 17;18
32 17;19
33 18;19
34 18;28
35 19;27
36 19;20
37 20;26
38 20;21
39 21;25
40 21;22
41 22;24
42 23;24
43 23;37
44 24;25
45 24;36
46 25;26
47 25;35
48 26;34
49 26;27
50 27;33
51 27;28
52 28;32
53 28;29
54 29;31
55 30;46
56 30;31
57 31;32
58 31;45
59 32;33
60 32;44
61 33;43
62 33;34
63 34;35
64 34;42
65 35;36
66 35;41
67 36;40
68 36;37
69 36;39
70 37;38
71 38;55
72 38;39
73 39;40
74 39;73
75 40;41
76 40;59
77 41;42
78 41;54
79 42;43
80 42;53
81 43;44
82 43;52
83 44;51
84 44;45
85 45;50
86 45;46
87 46;47
88 47;48
89 47;49
90 47;50
91 48;49
92 49;63
93 50;51
94 50;62
95 51;52
96 51;61
97 52;60
98 52;53
99 53;59
100 53;54
101 54;58
102 54;73
103 55;73
104 55;57
105 56;57
106 56;58
107 56;73
108 57;69
109 58;59
110 58;68
111 59;67
112 59;60
113 60;66
114 60;61
115 61;65
116 61;62
117 62;63
118 63;64
119 63;75
120 64;65
121 64;75
122 65;66
123 65;74
124 66;74
125 66;67
126 67;72
127 67;68
128 68;69
129 68;71
130 69;70
131 70;71
132 71;72
133 72;74
134 74;75
