1 70;69;57;55;38;37;23;13;12
2 70;69;57;56;73;39;36;24;22;14;11
3 71;68;58;54;41;40;36;24;22;14;11
4 72;67;59;40;41;35;25;21;15;10
5 59;53;42;34;26;20;16;9
6 74;66;60;52;43;33;27;19;17;8
7 75;64;65;61;51;44;32;28;18;17;8
8 63;62;50;45;31;29;4;5;6;7
9 49;47;46;30;2
10 48;1;2;3;4;5;6;7
11 70;71;72;74;75;63;49;48
12 69;68;67;66;65;64;63
13 57;56;58;59;60;61;62
14 55;73;54;53;52;51;50;47;48
15 38;39;40;41;42;43;44;45;46
16 37;36;35;34;33;32;31;30;2
17 23;24;25;26;27;28;29;3
18 22;21;20;19;18;5
19 13;14;15;16;17;18;6
20 12;11;10;9;8;7
