1 10
2 40
3 80
5 15
12 15
14 15
15 10
18 15
20 10
22 12
26 80
28 60
32 120
33 20
37 60
38 30
39 6
41 10
46 15
49 15
52 20
72 15
74 10
109 25
202 15
203 15
204 6
205 15
207 15
208 15
211 20
212 15
214 12
218 15
221 15
222 10
226 6
227 25
232 30
235 6
236 10
237 60
245 10
246 60
247 10
248 180
249 15
251 15
252 30
253 15
254 10
257 15
261 30
262 15
263 10
266 10
270 10
274 20
276 15
277 6
278 15
279 30
280 10
281 10
282 10
284 10
285 6
287 6
288 15
290 150
292 6
294 30
295 60
297 60
298 60
299 15
306 30
307 3
310 10
311 10
505 15
521 30
527 90
530 15
539 30
555 30
556 30
604 15
605 15
606 10
615 60
622 60
630 6
638 15
642 6
643 10
644 10
648 10
650 6
651 15
652 15
659 120
660 15
662 540
663 180
665 90
668 15
669 60
670 15
671 15
672 10
673 90
675 50
676 130
678 30
680 60
685 12
711 40
902 15
903 20
905 10
906 10
907 20
909 30
